0 3 8
0 7 7
0 8 9
0 9 6
0 12 7
0 15 5
0 16 5
0 18 10
0 20 10
0 23 6
0 26 5
0 27 8
0 30 6
0 36 7
0 38 5
0 42 10
0 43 7
0 46 9
0 47 8
0 48 5
0 50 8
0 55 8
0 56 10
0 64 9
0 66 8
0 67 6
0 69 9
0 72 9
0 73 10
0 78 9
0 89 9
0 90 7
0 92 6
0 98 7
1 0 6
1 9 6
1 10 5
1 14 6
1 15 5
1 17 10
1 20 5
1 21 9
1 24 7
1 30 7
1 34 9
1 45 7
1 47 10
1 49 5
1 51 10
1 52 8
1 53 5
1 59 7
1 63 9
1 64 8
1 71 9
1 82 7
1 87 8
1 88 7
1 91 5
1 94 7
1 97 10
2 4 9
2 9 7
2 10 5
2 13 9
2 15 9
2 20 10
2 21 9
2 22 8
2 23 10
2 27 8
2 28 9
2 36 6
2 37 5
2 38 5
2 39 10
2 44 5
2 52 8
2 54 10
2 66 10
2 68 9
2 70 5
2 71 5
2 81 8
2 89 6
2 92 9
2 93 10
2 97 9
3 0 6
3 13 8
3 14 5
3 18 5
3 24 6
3 28 6
3 33 9
3 41 8
3 42 8
3 49 8
3 57 6
3 58 5
3 59 5
3 66 7
3 67 9
3 70 10
3 71 5
3 72 7
3 76 9
3 85 6
3 87 5
3 88 6
3 94 9
3 96 7
4 6 10
4 11 9
4 15 10
4 19 6
4 20 8
4 24 7
4 25 10
4 27 7
4 30 10
4 32 9
4 39 5
4 40 9
4 42 10
4 44 9
4 47 6
4 50 7
4 52 10
4 53 5
4 54 7
4 56 8
4 58 8
4 60 10
4 64 7
4 75 8
4 79 6
4 91 9
4 93 7
5 3 10
5 6 10
5 10 6
5 12 7
5 18 10
5 20 8
5 25 10
5 26 5
5 29 5
5 31 7
5 34 10
5 35 5
5 36 10
5 38 8
5 39 5
5 41 9
5 47 5
5 50 9
5 53 8
5 56 5
5 66 6
5 74 9
5 75 6
5 79 9
5 82 10
5 83 5
5 84 9
5 85 5
5 88 10
5 89 7
5 92 6
5 93 10
5 94 7
6 2 7
6 3 10
6 5 6
6 7 8
6 8 9
6 15 10
6 21 9
6 24 9
6 31 7
6 34 9
6 35 7
6 41 9
6 46 10
6 50 5
6 51 9
6 52 6
6 59 8
6 60 10
6 62 8
6 63 10
6 64 5
6 65 10
6 67 9
6 68 9
6 69 9
6 73 8
6 76 8
6 81 5
6 87 9
6 88 7
6 98 5
7 1 9
7 3 10
7 4 10
7 8 6
7 9 7
7 12 9
7 13 8
7 14 5
7 16 6
7 17 5
7 18 7
7 23 10
7 24 8
7 30 5
7 33 6
7 34 9
7 45 7
7 52 9
7 60 10
7 63 10
7 66 7
7 83 8
7 85 7
7 86 5
7 89 6
7 90 10
7 95 9
7 96 10
7 98 8
7 99 9
8 0 9
8 4 6
8 7 9
8 18 8
8 19 5
8 20 5
8 21 5
8 24 9
8 33 9
8 38 10
8 39 9
8 42 10
8 45 7
8 48 6
8 49 8
8 51 6
8 52 8
8 60 10
8 64 5
8 66 6
8 68 8
8 72 7
8 77 9
8 82 10
8 85 8
8 86 8
8 88 9
8 90 10
8 92 5
8 93 10
8 94 8
8 95 9
8 97 9
9 7 10
9 10 5
9 11 9
9 19 10
9 28 9
9 32 5
9 33 7
9 54 8
9 58 9
9 66 10
9 67 8
9 70 8
9 77 7
9 81 9
9 90 10
9 93 5
9 95 9
10 0 5
10 3 8
10 4 6
10 6 7
10 9 5
10 12 7
10 16 10
10 28 9
10 32 6
10 33 8
10 34 6
10 37 9
10 38 5
10 40 10
10 46 7
10 48 5
10 49 6
10 51 6
10 54 9
10 57 7
10 59 6
10 61 10
10 64 9
10 65 5
10 67 5
10 74 7
10 76 6
10 81 9
10 83 10
10 84 10
10 85 8
10 88 10
10 89 7
10 94 7
10 96 6
10 99 7
11 0 7
11 3 9
11 5 9
11 9 8
11 12 10
11 13 10
11 15 10
11 17 10
11 19 7
11 23 6
11 24 10
11 29 8
11 31 6
11 32 6
11 36 8
11 39 7
11 42 9
11 46 7
11 47 6
11 51 9
11 52 7
11 53 5
11 55 8
11 59 6
11 60 10
11 61 9
11 62 5
11 64 10
11 65 9
11 66 10
11 67 6
11 72 5
11 75 6
11 78 8
11 79 6
11 82 5
11 84 5
11 86 5
11 89 5
11 90 7
11 93 5
11 96 8
11 98 8
11 99 6
12 1 8
12 2 6
12 4 6
12 8 6
12 11 6
12 13 5
12 15 5
12 17 8
12 20 5
12 25 6
12 26 9
12 28 10
12 29 10
12 35 7
12 37 9
12 38 6
12 44 10
12 45 8
12 46 6
12 48 9
12 52 9
12 53 7
12 59 7
12 60 9
12 62 5
12 73 5
12 79 9
12 81 5
12 83 9
12 84 5
12 87 6
12 88 10
12 91 10
12 94 6
13 4 5
13 5 5
13 6 6
13 7 9
13 10 8
13 11 7
13 19 10
13 27 10
13 33 10
13 42 7
13 52 10
13 56 7
13 61 8
13 66 9
13 69 10
13 73 9
13 75 5
13 80 9
13 87 9
13 88 7
13 92 5
14 0 10
14 1 8
14 4 8
14 5 8
14 10 10
14 15 8
14 19 8
14 24 9
14 26 7
14 30 9
14 31 7
14 33 7
14 34 10
14 38 6
14 42 8
14 43 10
14 44 5
14 45 7
14 46 8
14 48 8
14 51 10
14 58 10
14 60 9
14 63 8
14 65 9
14 67 6
14 69 6
14 72 5
14 73 10
14 74 6
14 78 10
14 80 7
14 83 7
14 86 7
14 88 9
14 89 6
14 92 10
14 97 6
15 0 8
15 2 6
15 3 10
15 9 9
15 13 6
15 16 7
15 19 10
15 20 9
15 22 5
15 25 8
15 29 9
15 34 8
15 38 9
15 51 8
15 55 7
15 58 8
15 64 9
15 68 9
15 69 9
15 70 10
15 71 8
15 73 6
15 77 9
15 83 7
15 84 7
15 86 6
15 90 7
15 96 5
15 98 5
16 4 6
16 7 6
16 11 9
16 13 5
16 19 9
16 21 5
16 26 10
16 32 5
16 33 10
16 34 8
16 35 9
16 40 5
16 49 10
16 52 6
16 53 8
16 56 7
16 59 6
16 61 5
16 63 9
16 66 5
16 69 7
16 74 6
16 82 8
16 83 8
16 86 10
16 91 8
16 92 8
16 93 5
16 95 10
16 96 8
16 97 6
17 0 9
17 4 9
17 8 8
17 11 7
17 16 5
17 24 8
17 25 6
17 26 10
17 29 5
17 30 7
17 31 8
17 34 9
17 37 6
17 39 8
17 45 6
17 47 6
17 48 9
17 51 6
17 54 10
17 58 7
17 64 6
17 65 9
17 66 10
17 80 8
17 81 8
17 82 5
17 86 5
17 87 7
17 89 8
17 90 9
17 96 8
18 2 6
18 3 5
18 4 9
18 5 8
18 6 6
18 12 6
18 15 7
18 17 5
18 26 10
18 36 9
18 37 8
18 45 8
18 47 10
18 54 5
18 61 10
18 65 5
18 67 10
18 73 9
18 79 8
18 81 10
18 85 9
18 91 6
18 93 10
18 97 6
18 98 8
19 1 8
19 17 6
19 18 10
19 21 6
19 22 10
19 29 5
19 30 5
19 33 5
19 34 9
19 37 7
19 40 10
19 41 8
19 45 9
19 46 10
19 48 5
19 59 8
19 62 5
19 63 8
19 64 5
19 68 6
19 70 5
19 72 6
19 73 9
19 74 8
19 78 7
19 83 8
19 89 6
19 91 9
19 97 5
20 0 7
20 5 10
20 11 7
20 12 6
20 14 9
20 16 6
20 25 6
20 26 9
20 30 6
20 31 10
20 32 5
20 37 6
20 45 7
20 46 6
20 48 5
20 50 6
20 51 6
20 53 6
20 55 6
20 58 7
20 59 6
20 62 5
20 69 6
20 72 5
20 74 7
20 80 9
20 81 8
20 82 9
20 84 8
20 95 10
21 0 7
21 3 8
21 5 7
21 8 9
21 14 9
21 20 5
21 22 10
21 23 8
21 24 7
21 36 10
21 38 5
21 42 5
21 45 9
21 46 7
21 48 6
21 52 7
21 54 6
21 58 7
21 59 8
21 60 6
21 68 7
21 69 8
21 71 6
21 72 8
21 73 8
21 74 7
21 75 10
21 76 9
21 77 5
21 79 7
21 84 6
21 90 7
21 92 8
21 93 8
21 95 10
21 97 5
21 98 6
21 99 7
22 1 6
22 4 8
22 5 10
22 11 7
22 17 8
22 34 9
22 35 7
22 36 7
22 37 5
22 45 9
22 54 7
22 56 7
22 57 10
22 58 10
22 60 10
22 61 9
22 69 7
22 70 5
22 71 5
22 75 7
22 77 10
22 79 9
22 81 7
22 82 9
22 83 10
22 84 9
22 87 7
22 90 9
22 95 9
22 98 8
23 1 9
23 5 10
23 7 10
23 17 9
23 18 10
23 19 5
23 26 5
23 27 7
23 28 8
23 36 5
23 38 9
23 39 10
23 43 7
23 54 6
23 62 9
23 63 10
23 65 8
23 69 10
23 74 5
23 76 7
23 77 6
23 81 8
23 82 5
23 85 6
23 87 6
23 88 8
23 89 10
23 90 6
23 98 10
24 4 8
24 6 8
24 9 9
24 11 6
24 15 7
24 16 7
24 20 5
24 23 5
24 32 5
24 35 5
24 42 8
24 48 5
24 49 7
24 55 6
24 59 6
24 61 6
24 62 8
24 63 5
24 64 10
24 67 7
24 68 9
24 71 10
24 79 6
24 83 10
24 90 8
24 92 8
25 7 6
25 9 6
25 12 7
25 14 5
25 16 5
25 20 9
25 21 8
25 24 7
25 31 10
25 34 8
25 35 7
25 41 8
25 55 9
25 56 7
25 58 7
25 63 10
25 64 8
25 65 9
25 70 5
25 73 7
25 77 5
25 79 7
25 80 5
25 81 8
25 90 9
25 98 10
26 2 7
26 5 5
26 7 9
26 8 10
26 10 6
26 11 8
26 13 5
26 16 8
26 17 7
26 20 10
26 21 10
26 25 10
26 31 6
26 32 9
26 33 6
26 35 9
26 47 5
26 48 10
26 50 5
26 57 7
26 60 9
26 62 6
26 63 5
26 64 8
26 72 8
26 80 9
26 81 10
26 82 9
26 83 10
26 87 6
26 89 6
26 92 6
26 96 10
26 99 8
27 0 10
27 1 5
27 3 10
27 4 8
27 5 7
27 13 6
27 14 7
27 16 6
27 17 9
27 18 7
27 21 9
27 22 10
27 28 5
27 42 7
27 44 9
27 49 9
27 52 9
27 53 6
27 54 5
27 57 7
27 58 7
27 61 6
27 65 10
27 68 6
27 71 8
27 73 9
27 75 5
27 76 7
27 79 5
27 84 5
27 88 5
27 89 10
27 90 5
27 94 8
27 95 5
27 97 5
28 7 9
28 9 8
28 14 5
28 15 7
28 16 8
28 19 7
28 23 7
28 29 8
28 42 9
28 45 9
28 46 10
28 48 7
28 51 10
28 52 8
28 54 7
28 55 6
28 57 10
28 61 6
28 62 5
28 65 5
28 68 5
28 71 6
28 72 8
28 75 9
28 77 10
28 78 6
28 80 8
28 81 8
28 85 9
28 86 6
28 88 9
28 90 7
28 96 9
29 3 7
29 4 7
29 6 6
29 9 9
29 13 7
29 17 7
29 20 7
29 21 6
29 24 5
29 31 7
29 32 9
29 35 8
29 37 9
29 46 5
29 48 5
29 49 5
29 51 9
29 55 10
29 59 9
29 65 8
29 68 7
29 74 7
29 77 7
29 86 6
29 90 8
29 93 9
29 96 10
30 3 9
30 4 5
30 8 10
30 12 6
30 14 7
30 23 10
30 25 5
30 29 5
30 31 7
30 32 8
30 34 5
30 36 8
30 37 6
30 42 7
30 44 6
30 45 7
30 46 9
30 52 10
30 53 8
30 54 7
30 57 7
30 62 7
30 63 5
30 69 10
30 70 7
30 75 7
30 79 5
30 80 6
30 87 8
30 89 7
30 97 5
31 1 7
31 3 7
31 4 8
31 6 8
31 9 9
31 12 7
31 14 8
31 18 7
31 21 9
31 22 9
31 24 7
31 25 10
31 33 8
31 36 7
31 37 6
31 38 5
31 46 9
31 50 9
31 53 8
31 56 6
31 60 5
31 61 8
31 62 10
31 65 9
31 68 8
31 72 7
31 75 9
31 79 9
31 82 8
31 87 5
31 89 7
31 93 10
31 98 5
32 2 10
32 3 5
32 6 9
32 8 6
32 12 7
32 15 9
32 20 9
32 23 9
32 38 9
32 40 8
32 43 7
32 47 5
32 51 7
32 56 7
32 57 9
32 58 6
32 64 8
32 67 8
32 68 10
32 75 9
32 77 8
32 78 8
32 80 6
32 83 8
32 84 10
32 91 8
32 95 5
33 0 10
33 2 10
33 3 9
33 4 10
33 6 7
33 9 9
33 11 6
33 17 6
33 18 9
33 28 10
33 38 10
33 40 8
33 41 8
33 45 6
33 47 8
33 49 6
33 54 8
33 58 10
33 68 9
33 70 7
33 73 5
33 75 6
33 77 7
33 78 9
33 79 9
33 81 10
33 83 8
33 87 6
33 91 8
33 93 9
34 0 7
34 1 7
34 7 6
34 9 5
34 12 5
34 14 8
34 24 7
34 27 10
34 28 7
34 29 10
34 35 10
34 36 7
34 38 7
34 42 5
34 46 6
34 47 8
34 48 5
34 52 7
34 53 5
34 56 9
34 64 10
34 66 5
34 67 10
34 69 10
34 79 7
34 82 9
34 84 7
34 86 8
34 87 10
34 90 10
34 93 6
34 95 10
34 97 5
34 98 7
35 1 10
35 6 9
35 9 8
35 11 5
35 13 8
35 14 10
35 17 10
35 19 5
35 20 10
35 21 10
35 23 6
35 24 5
35 28 7
35 34 6
35 38 8
35 41 5
35 46 8
35 49 5
35 50 9
35 54 7
35 55 8
35 56 5
35 59 5
35 60 8
35 64 8
35 66 9
35 67 8
35 72 7
35 81 8
35 82 6
35 89 9
35 91 6
35 94 10
35 96 6
35 97 6
35 98 7
36 2 5
36 3 9
36 6 8
36 7 9
36 9 8
36 11 7
36 12 9
36 13 8
36 14 8
36 19 10
36 21 8
36 23 5
36 25 8
36 28 6
36 34 5
36 35 9
36 37 6
36 38 10
36 39 7
36 41 7
36 42 8
36 49 8
36 54 9
36 57 5
36 60 9
36 68 5
36 74 10
36 80 8
36 81 10
36 82 5
36 84 8
36 91 8
36 98 9
37 1 5
37 8 6
37 9 10
37 11 7
37 14 9
37 16 7
37 18 8
37 23 8
37 30 10
37 43 6
37 46 10
37 57 9
37 58 7
37 61 8
37 62 8
37 64 6
37 68 8
37 72 10
37 74 7
37 78 5
37 80 6
37 84 5
37 87 9
37 88 10
37 89 5
37 90 10
37 91 9
37 93 5
37 96 8
38 4 5
38 9 8
38 11 8
38 13 6
38 14 7
38 16 9
38 20 8
38 21 10
38 25 10
38 30 10
38 31 7
38 40 6
38 42 9
38 48 6
38 50 6
38 54 10
38 55 9
38 65 5
38 66 8
38 67 7
38 70 7
38 74 8
38 77 6
38 83 7
38 84 5
38 85 6
38 86 7
38 87 10
38 91 8
38 92 6
39 2 5
39 3 8
39 4 9
39 5 7
39 6 8
39 9 5
39 10 5
39 15 5
39 17 8
39 24 10
39 26 10
39 27 5
39 29 9
39 33 6
39 40 6
39 42 10
39 43 6
39 44 8
39 46 8
39 47 7
39 50 10
39 51 10
39 54 8
39 60 6
39 61 5
39 64 8
39 67 5
39 71 5
39 84 6
39 88 8
39 95 6
40 7 10
40 9 10
40 18 10
40 21 6
40 26 7
40 29 9
40 35 10
40 38 5
40 41 6
40 46 10
40 48 9
40 53 10
40 57 6
40 60 10
40 61 5
40 67 10
40 71 9
40 72 7
40 74 7
40 78 5
40 80 6
40 84 5
40 86 9
40 88 5
40 91 9
40 94 10
40 96 5
41 1 9
41 3 9
41 8 9
41 10 5
41 13 9
41 19 6
41 23 8
41 25 10
41 27 8
41 28 10
41 30 10
41 34 6
41 35 6
41 37 7
41 38 10
41 45 9
41 49 8
41 52 8
41 57 8
41 59 5
41 60 6
41 61 10
41 63 8
41 64 7
41 65 5
41 67 6
41 70 9
41 72 6
41 75 10
41 77 8
41 80 10
41 82 6
41 86 5
41 87 6
41 90 6
41 96 9
41 97 7
42 0 8
42 8 8
42 12 8
42 13 7
42 18 5
42 22 10
42 23 6
42 28 7
42 30 9
42 31 5
42 34 9
42 36 10
42 43 8
42 50 9
42 52 6
42 53 7
42 54 10
42 60 6
42 67 5
42 70 9
42 72 10
42 74 10
42 75 6
42 78 5
42 84 10
42 87 8
43 1 5
43 3 5
43 8 9
43 11 9
43 20 6
43 27 10
43 28 5
43 29 9
43 31 7
43 32 5
43 33 8
43 34 6
43 35 6
43 37 5
43 45 6
43 55 8
43 56 10
43 58 7
43 66 10
43 67 5
43 68 7
43 69 8
43 77 10
43 80 6
43 81 6
43 84 9
43 93 5
43 95 8
43 96 8
43 97 8
43 98 9
44 1 6
44 3 7
44 5 5
44 6 9
44 11 8
44 13 5
44 14 9
44 16 6
44 22 7
44 30 7
44 34 8
44 41 8
44 49 6
44 52 8
44 73 8
44 76 9
44 77 7
44 86 8
44 87 9
44 88 6
44 90 5
44 91 6
44 94 5
44 96 6
45 3 5
45 5 8
45 9 10
45 20 6
45 21 9
45 25 8
45 26 10
45 28 10
45 29 8
45 36 5
45 40 8
45 47 5
45 49 5
45 50 10
45 53 10
45 56 5
45 60 5
45 67 7
45 69 6
45 73 6
45 77 8
45 81 7
45 82 9
45 84 9
45 85 5
45 93 5
45 97 10
45 98 5
45 99 10
46 2 8
46 3 10
46 9 10
46 10 9
46 11 9
46 12 10
46 13 7
46 14 10
46 19 9
46 20 5
46 22 7
46 23 7
46 24 8
46 27 5
46 37 7
46 41 6
46 42 9
46 55 5
46 56 6
46 57 5
46 66 5
46 70 5
46 73 7
46 75 7
46 78 7
46 79 5
46 83 5
46 86 7
46 93 8
46 94 5
46 99 6
47 0 5
47 1 8
47 5 6
47 8 8
47 10 7
47 13 9
47 17 10
47 18 10
47 19 7
47 21 10
47 22 7
47 27 10
47 29 6
47 34 5
47 40 10
47 42 5
47 43 9
47 48 9
47 52 10
47 53 8
47 59 9
47 60 10
47 62 10
47 66 9
47 74 5
47 76 10
47 80 10
47 86 7
47 87 7
47 91 8
47 92 9
47 94 5
47 99 6
48 2 8
48 6 6
48 8 6
48 11 6
48 15 10
48 18 9
48 21 6
48 26 7
48 27 9
48 29 9
48 34 8
48 40 10
48 41 9
48 42 6
48 44 6
48 49 5
48 50 5
48 52 9
48 54 9
48 56 9
48 61 6
48 69 5
48 71 9
48 79 9
48 82 10
48 96 5
49 0 9
49 4 6
49 10 7
49 16 10
49 17 5
49 19 8
49 20 9
49 21 10
49 25 9
49 26 8
49 29 8
49 34 9
49 36 5
49 38 7
49 41 7
49 42 6
49 44 10
49 45 5
49 48 8
49 54 5
49 59 9
49 63 6
49 64 8
49 66 5
49 75 10
49 77 9
49 79 6
49 82 6
49 84 8
49 86 9
49 89 7
50 0 10
50 4 10
50 5 7
50 7 9
50 10 8
50 12 5
50 13 6
50 16 7
50 17 7
50 19 9
50 22 5
50 23 5
50 25 9
50 27 5
50 34 8
50 41 5
50 43 10
50 46 6
50 52 6
50 56 10
50 57 5
50 74 7
50 75 7
50 77 5
50 85 7
50 88 10
50 97 6
50 98 8
50 99 5
51 0 9
51 3 8
51 4 10
51 6 6
51 7 5
51 10 7
51 15 10
51 16 9
51 17 8
51 18 6
51 19 5
51 21 6
51 22 10
51 26 6
51 27 9
51 29 10
51 31 9
51 33 7
51 35 9
51 36 8
51 41 8
51 46 7
51 47 8
51 53 8
51 58 7
51 59 9
51 64 8
51 65 6
51 66 8
51 69 10
51 72 10
51 73 6
51 74 5
51 76 8
51 77 8
51 79 9
51 82 10
51 83 5
51 84 7
51 87 5
51 94 6
51 99 8
52 5 10
52 6 10
52 13 7
52 14 6
52 18 9
52 22 5
52 24 8
52 25 6
52 34 8
52 37 9
52 38 8
52 39 10
52 42 7
52 53 10
52 58 6
52 62 8
52 65 10
52 66 9
52 67 7
52 68 7
52 72 9
52 73 8
52 77 10
52 83 10
52 89 6
52 95 7
52 98 10
52 99 9
53 1 7
53 4 5
53 7 10
53 8 5
53 12 10
53 14 6
53 17 6
53 18 7
53 19 10
53 21 8
53 35 8
53 36 5
53 44 6
53 55 5
53 63 10
53 69 6
53 70 8
53 74 5
53 77 8
53 81 7
53 82 8
53 84 10
54 4 10
54 7 10
54 13 5
54 15 7
54 16 9
54 25 7
54 27 10
54 28 8
54 29 9
54 35 10
54 40 6
54 49 6
54 56 10
54 63 10
54 72 5
54 73 10
54 74 10
54 75 8
54 77 7
54 80 7
54 84 8
54 86 6
54 88 5
54 89 6
54 91 6
54 95 6
54 98 10
54 99 9
55 7 9
55 9 5
55 10 6
55 11 6
55 13 10
55 15 7
55 16 6
55 18 8
55 19 7
55 22 5
55 23 9
55 25 9
55 26 5
55 33 5
55 42 10
55 44 8
55 46 8
55 47 8
55 48 7
55 52 7
55 54 5
55 57 7
55 63 7
55 70 8
55 72 7
55 75 7
55 79 7
55 81 8
55 83 8
55 87 7
55 88 10
55 89 10
55 94 5
55 95 5
55 96 9
55 97 5
55 99 7
56 1 5
56 4 8
56 8 7
56 9 5
56 11 5
56 13 5
56 19 9
56 21 9
56 26 8
56 27 5
56 28 6
56 30 5
56 31 5
56 34 8
56 35 5
56 38 8
56 39 10
56 41 7
56 49 8
56 51 10
56 60 9
56 64 5
56 65 5
56 66 9
56 73 10
56 75 5
56 81 10
56 86 10
56 91 7
56 99 10
57 0 5
57 6 7
57 7 5
57 10 7
57 14 6
57 15 9
57 18 6
57 19 8
57 25 7
57 26 9
57 34 8
57 40 8
57 42 8
57 44 9
57 47 9
57 51 8
57 55 10
57 59 6
57 63 8
57 64 7
57 65 5
57 69 5
57 70 5
57 74 10
57 76 9
57 79 8
57 81 10
57 82 6
57 88 5
57 94 10
58 0 9
58 1 5
58 4 7
58 5 8
58 6 6
58 10 6
58 16 6
58 18 5
58 23 7
58 26 9
58 27 9
58 29 5
58 30 6
58 39 6
58 41 7
58 43 9
58 45 8
58 48 10
58 54 10
58 57 9
58 60 10
58 62 9
58 63 9
58 72 10
58 75 8
58 76 8
58 80 7
58 81 5
58 83 7
58 85 5
58 86 10
58 92 6
58 93 6
58 94 10
58 95 9
58 96 5
58 98 9
58 99 10
59 3 5
59 15 6
59 18 8
59 20 7
59 22 10
59 25 8
59 27 7
59 30 6
59 37 6
59 39 8
59 45 9
59 55 9
59 62 6
59 63 8
59 67 5
59 72 5
59 82 5
60 2 6
60 3 8
60 5 5
60 6 10
60 15 10
60 21 5
60 22 10
60 25 9
60 27 10
60 33 7
60 35 7
60 38 8
60 39 10
60 40 7
60 43 8
60 46 5
60 54 8
60 61 9
60 62 8
60 64 5
60 65 5
60 66 7
60 70 10
60 75 8
60 82 5
60 85 7
60 89 7
60 96 6
61 0 5
61 5 7
61 7 6
61 9 7
61 14 8
61 15 10
61 23 6
61 29 6
61 31 10
61 44 9
61 45 10
61 50 10
61 51 10
61 55 7
61 56 5
61 58 9
61 71 7
61 74 9
61 76 7
61 78 10
61 81 5
61 82 10
61 84 9
61 86 5
61 87 6
61 89 6
61 96 6
61 99 6
62 8 6
62 17 6
62 21 7
62 25 7
62 28 9
62 31 6
62 32 9
62 35 6
62 41 5
62 42 8
62 44 5
62 48 8
62 53 7
62 55 5
62 65 5
62 67 6
62 68 5
62 70 6
62 71 8
62 74 5
62 78 8
62 86 10
62 92 8
62 93 8
62 95 9
63 1 10
63 2 6
63 5 10
63 10 6
63 17 5
63 21 9
63 23 5
63 27 6
63 28 9
63 33 7
63 45 8
63 46 8
63 47 9
63 49 10
63 50 8
63 53 7
63 55 8
63 58 9
63 64 7
63 73 8
63 78 10
63 79 6
63 93 6
64 1 9
64 5 7
64 10 6
64 11 6
64 17 6
64 21 8
64 22 7
64 23 8
64 27 7
64 28 8
64 31 7
64 39 6
64 44 6
64 50 9
64 51 7
64 57 7
64 58 7
64 59 9
64 60 5
64 62 8
64 65 6
64 66 8
64 68 9
64 69 6
64 71 5
64 77 7
64 79 6
64 82 7
64 83 10
64 86 7
64 92 8
64 93 8
64 94 9
64 98 8
65 1 7
65 2 8
65 4 5
65 8 9
65 9 5
65 12 5
65 15 10
65 17 5
65 20 7
65 22 5
65 32 9
65 35 9
65 39 8
65 42 9
65 45 5
65 48 6
65 50 6
65 51 10
65 63 7
65 64 10
65 68 5
65 69 7
65 75 10
65 77 6
65 79 7
65 81 10
65 83 6
65 88 9
65 89 5
65 96 10
65 98 6
66 0 8
66 4 5
66 19 10
66 22 6
66 27 5
66 33 8
66 41 6
66 49 5
66 51 10
66 58 10
66 63 7
66 64 6
66 69 5
66 81 9
66 84 5
66 86 6
66 89 10
66 91 10
66 96 8
67 0 7
67 3 5
67 4 9
67 10 5
67 16 10
67 19 9
67 21 10
67 22 6
67 26 7
67 29 8
67 33 9
67 37 6
67 39 5
67 42 10
67 52 9
67 53 5
67 56 10
67 64 7
67 65 10
67 66 9
67 76 6
67 80 9
67 81 5
67 85 6
67 86 10
67 89 10
67 91 6
67 95 9
67 98 7
68 0 5
68 3 5
68 6 8
68 8 5
68 11 7
68 15 8
68 16 9
68 17 5
68 22 5
68 25 10
68 27 8
68 29 8
68 37 8
68 41 9
68 43 7
68 44 7
68 45 8
68 48 7
68 50 5
68 52 10
68 56 10
68 57 9
68 59 9
68 61 8
68 63 7
68 64 10
68 75 5
68 82 10
68 84 5
68 86 10
68 93 5
68 94 6
68 97 8
68 99 8
69 0 10
69 1 10
69 4 5
69 5 8
69 6 10
69 11 9
69 13 5
69 18 5
69 21 6
69 25 9
69 30 10
69 31 8
69 34 9
69 35 5
69 47 8
69 48 7
69 50 8
69 51 7
69 54 9
69 58 6
69 62 9
69 64 6
69 67 6
69 72 9
69 81 9
69 86 10
69 87 6
69 91 9
69 96 9
69 99 9
70 0 6
70 5 7
70 9 6
70 11 10
70 13 10
70 14 6
70 16 8
70 20 9
70 21 6
70 26 8
70 31 5
70 51 9
70 58 9
70 61 9
70 63 9
70 68 5
70 75 10
70 79 6
70 82 5
70 87 8
70 90 6
71 1 9
71 6 7
71 9 5
71 13 6
71 19 6
71 23 10
71 24 5
71 27 10
71 28 7
71 33 10
71 37 10
71 44 9
71 45 9
71 46 9
71 50 6
71 53 8
71 58 5
71 59 10
71 61 10
71 62 6
71 64 10
71 66 6
71 68 10
71 69 7
71 70 9
71 72 8
71 78 6
71 81 8
71 88 9
71 91 9
71 92 9
72 2 7
72 3 6
72 11 9
72 13 6
72 17 5
72 20 7
72 24 7
72 26 8
72 31 9
72 32 10
72 35 7
72 37 7
72 43 8
72 47 10
72 50 8
72 52 6
72 53 8
72 54 6
72 60 9
72 65 9
72 66 5
72 67 8
72 69 6
72 75 5
72 76 6
72 83 10
72 84 6
72 87 10
72 89 6
72 91 9
72 92 8
72 94 8
72 97 8
73 0 5
73 3 8
73 5 8
73 7 7
73 9 10
73 14 5
73 15 9
73 16 7
73 17 6
73 20 5
73 21 10
73 22 5
73 25 6
73 26 9
73 28 8
73 29 7
73 30 5
73 32 10
73 39 6
73 40 9
73 44 5
73 45 10
73 46 8
73 47 8
73 49 6
73 50 7
73 54 9
73 57 8
73 58 9
73 62 5
73 68 5
73 75 9
73 79 8
73 80 6
73 84 9
73 85 5
73 87 10
73 89 7
73 90 7
73 98 5
74 5 5
74 8 10
74 10 9
74 12 6
74 14 9
74 23 6
74 26 7
74 27 7
74 32 5
74 35 6
74 39 9
74 43 10
74 44 5
74 46 7
74 60 7
74 61 10
74 62 7
74 64 6
74 65 7
74 67 5
74 68 6
74 76 5
74 77 7
74 78 7
74 80 6
74 84 9
74 87 7
74 89 6
74 90 9
74 91 9
74 93 10
74 94 9
74 96 8
74 97 9
75 0 9
75 4 10
75 6 8
75 7 9
75 14 7
75 17 7
75 18 10
75 21 5
75 29 6
75 37 8
75 42 5
75 52 6
75 54 6
75 55 8
75 57 7
75 60 6
75 61 6
75 63 6
75 68 7
75 69 7
75 72 8
75 76 6
75 80 5
75 88 10
75 89 5
76 2 10
76 3 6
76 5 5
76 6 8
76 7 10
76 10 7
76 14 10
76 21 7
76 22 10
76 36 8
76 39 9
76 41 6
76 42 5
76 43 8
76 48 5
76 55 7
76 58 6
76 60 7
76 63 8
76 66 9
76 67 7
76 68 7
76 69 5
76 71 9
76 73 7
76 77 7
76 80 10
76 82 9
76 88 5
76 89 10
76 91 7
76 93 10
77 1 5
77 2 5
77 7 6
77 11 8
77 17 7
77 20 5
77 23 5
77 29 5
77 31 9
77 34 7
77 35 6
77 38 9
77 40 8
77 45 5
77 57 5
77 60 10
77 65 7
77 69 6
77 73 6
77 79 7
77 82 9
77 86 10
77 89 5
77 91 5
77 93 10
77 94 5
77 97 7
78 1 5
78 5 8
78 6 10
78 17 8
78 24 6
78 26 10
78 29 9
78 31 10
78 32 5
78 33 8
78 34 8
78 37 5
78 38 10
78 43 10
78 45 10
78 48 6
78 49 8
78 50 10
78 52 5
78 55 5
78 60 10
78 67 6
78 75 6
78 77 7
78 79 8
78 80 6
78 81 5
78 83 7
79 1 9
79 2 9
79 5 7
79 7 9
79 9 6
79 10 6
79 13 7
79 16 8
79 17 10
79 18 9
79 19 5
79 27 8
79 31 10
79 32 8
79 34 8
79 36 9
79 45 5
79 48 5
79 49 5
79 56 6
79 60 5
79 61 5
79 66 6
79 67 8
79 70 10
79 72 6
79 73 10
79 74 6
79 75 5
79 76 9
79 81 8
79 86 9
79 90 7
79 92 10
79 94 6
79 99 9
80 0 10
80 19 8
80 26 10
80 28 7
80 31 10
80 33 8
80 34 10
80 35 10
80 36 9
80 38 5
80 40 8
80 43 9
80 50 9
80 60 6
80 64 5
80 65 7
80 73 10
80 90 10
80 91 5
80 92 8
80 99 9
81 0 8
81 4 9
81 13 9
81 14 6
81 16 10
81 17 6
81 18 9
81 19 7
81 23 7
81 25 5
81 28 6
81 29 8
81 31 8
81 32 6
81 35 7
81 40 5
81 41 9
81 45 6
81 49 9
81 51 7
81 52 8
81 59 7
81 61 6
81 63 7
81 78 5
81 79 8
81 85 7
81 96 5
81 97 8
82 0 10
82 6 9
82 8 6
82 11 8
82 16 6
82 18 5
82 23 5
82 25 7
82 26 9
82 27 7
82 33 7
82 36 7
82 40 9
82 41 10
82 43 10
82 44 8
82 47 6
82 52 8
82 55 7
82 59 6
82 60 6
82 62 9
82 67 7
82 73 7
82 76 10
82 79 9
82 87 5
82 89 8
82 91 9
82 94 5
82 95 9
82 96 8
82 98 8
83 0 8
83 1 9
83 2 7
83 9 9
83 16 9
83 25 7
83 35 5
83 42 6
83 47 9
83 52 6
83 55 8
83 57 8
83 58 5
83 59 5
83 60 7
83 61 9
83 64 5
83 65 6
83 68 8
83 70 10
83 71 8
83 74 8
83 89 7
83 93 7
83 99 9
84 2 8
84 4 9
84 19 7
84 21 7
84 22 7
84 23 8
84 27 8
84 30 9
84 31 10
84 35 6
84 39 6
84 41 10
84 46 5
84 56 7
84 57 8
84 64 6
84 66 8
84 69 9
84 77 10
84 78 6
84 82 10
84 86 6
84 91 7
84 95 5
84 97 10
85 0 10
85 8 9
85 9 5
85 17 10
85 20 9
85 21 9
85 22 8
85 26 7
85 33 6
85 46 8
85 48 7
85 49 7
85 51 5
85 54 6
85 60 5
85 61 5
85 65 7
85 69 10
85 70 5
85 75 7
85 79 6
85 87 6
85 97 8
86 3 10
86 5 5
86 14 9
86 18 9
86 19 7
86 21 9
86 23 8
86 30 10
86 31 8
86 35 6
86 36 10
86 42 6
86 45 10
86 53 7
86 55 9
86 56 10
86 58 6
86 59 10
86 60 7
86 64 8
86 68 10
86 70 6
86 78 8
86 80 10
86 81 6
86 82 6
86 83 10
86 84 8
86 87 7
86 88 9
86 92 5
86 95 10
86 98 8
87 1 7
87 2 7
87 6 10
87 7 6
87 8 10
87 9 7
87 11 7
87 12 5
87 16 10
87 17 8
87 20 8
87 22 6
87 23 10
87 26 5
87 38 5
87 39 9
87 40 5
87 45 7
87 52 7
87 53 6
87 55 10
87 56 6
87 59 7
87 65 9
87 67 10
87 69 8
87 71 5
87 77 8
87 80 6
87 86 9
87 89 5
87 93 7
87 95 5
87 96 8
87 99 8
88 0 10
88 12 8
88 16 8
88 19 8
88 22 6
88 24 10
88 25 9
88 26 7
88 31 9
88 33 9
88 34 6
88 35 6
88 36 8
88 40 8
88 44 8
88 46 9
88 49 5
88 53 9
88 54 10
88 59 10
88 61 6
88 62 5
88 64 10
88 66 10
88 67 7
88 70 8
88 74 8
88 80 7
88 82 6
88 94 10
88 97 10
89 0 9
89 2 5
89 4 5
89 6 6
89 7 6
89 18 10
89 20 8
89 23 7
89 25 7
89 26 5
89 28 8
89 31 8
89 33 8
89 39 5
89 43 5
89 48 10
89 50 5
89 56 7
89 59 9
89 61 10
89 62 7
89 66 10
89 70 8
89 78 6
89 79 10
89 81 9
89 83 7
89 86 6
89 87 5
89 92 10
89 94 9
89 95 9
90 6 5
90 7 7
90 9 9
90 10 10
90 14 7
90 15 10
90 17 6
90 18 7
90 19 10
90 21 9
90 23 8
90 26 7
90 33 7
90 34 6
90 37 5
90 43 6
90 47 8
90 50 9
90 53 9
90 54 10
90 59 6
90 61 6
90 63 9
90 68 9
90 77 9
90 82 10
90 84 8
90 89 7
90 92 7
91 1 10
91 3 9
91 16 5
91 17 7
91 19 5
91 22 5
91 25 7
91 26 5
91 27 6
91 33 7
91 41 10
91 47 9
91 48 10
91 49 5
91 50 5
91 54 5
91 60 5
91 68 6
91 72 6
91 73 7
91 76 5
91 83 10
91 85 7
91 99 10
92 3 6
92 7 9
92 10 6
92 12 5
92 13 5
92 16 6
92 20 6
92 22 10
92 24 5
92 29 6
92 34 10
92 38 5
92 40 6
92 41 10
92 42 9
92 44 6
92 50 6
92 51 9
92 52 10
92 53 5
92 55 7
92 56 10
92 58 5
92 61 5
92 62 10
92 75 7
92 77 5
92 80 8
92 81 6
92 86 5
92 88 5
92 97 7
93 0 10
93 4 7
93 5 6
93 7 10
93 8 8
93 10 7
93 19 7
93 20 6
93 25 6
93 27 7
93 30 5
93 35 8
93 39 6
93 47 9
93 54 9
93 58 8
93 59 5
93 63 8
93 64 6
93 72 7
93 73 5
93 75 5
93 76 5
93 78 8
93 80 7
93 83 6
93 88 5
93 92 6
93 95 6
93 96 6
93 97 6
94 1 9
94 3 6
94 6 5
94 7 8
94 9 7
94 11 5
94 12 5
94 18 9
94 37 7
94 40 5
94 42 9
94 44 8
94 48 6
94 52 7
94 53 10
94 54 7
94 63 6
94 64 5
94 65 9
94 71 8
94 72 9
94 75 7
94 77 9
94 78 7
94 87 7
94 89 8
94 92 5
94 93 6
95 0 7
95 4 10
95 11 7
95 12 6
95 13 5
95 19 6
95 22 9
95 30 6
95 35 10
95 40 7
95 41 10
95 48 10
95 50 7
95 62 6
95 64 5
95 68 7
95 70 6
95 77 10
95 78 7
95 84 7
95 89 10
95 91 5
95 96 9
96 1 7
96 2 5
96 5 5
96 6 9
96 9 7
96 13 8
96 26 7
96 32 8
96 33 10
96 34 7
96 36 9
96 42 9
96 44 5
96 45 10
96 55 8
96 58 6
96 59 7
96 62 8
96 64 9
96 69 7
96 79 9
96 80 10
96 82 7
96 86 5
96 89 10
96 92 5
96 95 7
96 97 10
96 99 8
97 0 6
97 1 8
97 5 10
97 6 6
97 12 6
97 13 8
97 15 9
97 19 9
97 23 9
97 24 6
97 26 7
97 28 5
97 31 8
97 33 9
97 36 5
97 41 7
97 42 6
97 46 5
97 48 8
97 50 8
97 51 9
97 54 10
97 57 6
97 62 7
97 63 10
97 64 10
97 68 6
97 71 8
97 74 6
97 76 9
97 78 6
97 81 5
97 83 7
97 84 5
97 86 7
97 88 8
97 90 7
97 91 9
98 2 5
98 15 5
98 17 8
98 18 5
98 22 5
98 25 6
98 29 7
98 30 9
98 31 6
98 32 7
98 34 9
98 36 9
98 38 10
98 41 6
98 45 6
98 46 5
98 48 8
98 50 10
98 51 8
98 53 7
98 55 7
98 64 9
98 67 5
98 69 8
98 71 10
98 72 5
98 73 7
98 81 10
98 82 7
98 83 9
98 84 6
98 86 5
98 90 7
98 94 9
99 3 9
99 9 5
99 10 8
99 12 5
99 14 9
99 15 10
99 18 7
99 19 6
99 20 6
99 22 10
99 24 7
99 25 6
99 26 8
99 27 8
99 30 5
99 36 5
99 38 10
99 40 5
99 47 10
99 52 8
99 54 9
99 58 7
99 59 7
99 62 9
99 65 10
99 69 9
99 74 7
99 77 5
99 81 7
99 85 7
99 86 7
99 87 5
99 89 7
99 90 5
99 92 9
99 95 9
99 98 8
